-32        
-48        
-144       
-16        
-16        
-48        
-32        
-80        
-64        
-16        
-32        
-144       
-16        
-16        
-32        
-16        
-16        
-144       
-16        
-80        
-80        
-16        
-16        
-80        
-48        
-112       
-16        
-16        
-16        
-144       
-80        
-16        
-48        
-80        
-16        
-16        
-96        
-48        
-16        
-48        
-64        
-16        
-112       
-48        
-16        
-32        
-144       
-48        
-16        
-80        
-96        
-16        
-16        
-48        
-80        
-16        
-160       
-176       
-160       
-32        
-16        
-16        
-16        
-96        
-80        
-144       
-144       
-16        
-80        
-176       
-48        
-48        
-80        
-144       
-32        
-144       
-96        
-48        
-80        
-48        
-80        
-16        
-80        
-16        
-16        
-16        
-16        
-16        
-80        
-32        
-48        
-48        
-272       
-80        
-16        
-144       
-16        
-16        
-16        
-64        
-80        
-64        
-16        
-16        
-16        
-32        
-16        
-592       
-528       
-16        
-624       
-896       
-528       
-912       
-944       
-784       
-912       
-816       
-848       
-784       
-688       
-816       
-784       
-784       
-592       
-688       
-816       
-784       
-800       
-816       
-848       
-928       
-16        
-16        
-272       
-144       
-80        
-304       
-272       
-352       
-48        
-48        
-80        
-16        
-144       
-32        
-80        
-1824      
-1808      
-1648      
-1824      
-1840      
-1920      
-1888      
-1568      
-1584      
-80        
-80        
-288       
-16        
-16        
-528       
-848       
-16        
-80        
-16        
-144       
-3616      
-3920      
-3600      
-3600      
-3808      
-144       
-16        
-32        
-16        
-160       
-304       
-400       
-272       
-16        
-80        
-64        
-528       
-560       
-576       
-576       
-592       
-528       
-624       
-112       
-96        
-16        
-560       
-528       
-528       
-608       
-528       
-608       
-528       
-80        
-80        
-528       
-256       
-336       
-272       
-32        
-1056      
-16        
1264       
1264       
1120       
1008       
1024       
1056       
1120       
1056       
1072       
1056       
1040       
1104       
1072       
1088       
1136       
1072       
1120       
1136       
1168       
1136       
1136       
1152       
1152       
1200       
1152       
1184       
1184       
1168       
1152       
1168       
1184       
1216       
1184       
1136       
1168       
1200       
1152       
1168       
1120       
1168       
1152       
1184       
1168       
1168       
1136       
1104       
1216       
1168       
1168       
1200       
1136       
1184       
1184       
1136       
1168       
1168       
1136       
1200       
1184       
1216       
1184       
1168       
1136       
1168       
1104       
1152       
1136       
1200       
1168       
1168       
1168       
1152       
1168       
1168       
1168       
1152       
1168       
1184       
1200       
1136       
1168       
1136       
1136       
1200       
1184       
1152       
1232       
1200       
1152       
1200       
1200       
1168       
1152       
1184       
1168       
1168       
1184       
1152       
1184       
1248       
1184       
1216       
1232       
1168       
1216       
1248       
1216       
1248       
1200       
1168       
1248       
1264       
1248       
1232       
1232       
1280       
1216       
1280       
1280       
1248       
1232       
1248       
1248       
1216       
1248       
1200       
1216       
1280       
1264       
1264       
1296       
1296       
1264       
1312       
1264       
1248       
1296       
1328       
1312       
1296       
1296       
1280       
1280       
1296       
1280       
1280       
1280       
1216       
1264       
1200       
1248       
1264       
1232       
1216       
1200       
1248       
1200       
1168       
1216       
1200       
1216       
1184       
1232       
1248       
1232       
1232       
1168       
1216       
1264       
1216       
1216       
1216       
1168       
1200       
1216       
1232       
1232       
1232       
1216       
1200       
1184       
1248       
1264       
1216       
1264       
1248       
1216       
1232       
1248       
1264       
1232       
1232       
1232       
1264       
1264       
1232       
1264       
1216       
1200       
1264       
1232       
1248       
1248       
1248       
1232       
1232       
1248       
1264       
1312       
1264       
1280       
1296       
1280       
1264       
1248       
1264       
1296       
1296       
1264       
1264       
1280       
1280       
1264       
1328       
1264       
1296       
1296       
1232       
1312       
1280       
1312       
1344       
1328       
1328       
1312       
1312       
1312       
1296       
1312       
1312       
1312       
1312       
1312       
1360       
1344       
1296       
1360       
1280       
1280       
1360       
1344       
1360       
1328       
1392       
1328       
1312       
1328       
1328       
1344       
1360       
1296       
1344       
1312       
1296       
1312       
1312       
1328       
1312       
1328       
1248       
1312       
1296       
1264       
1328       
1264       
1264       
1296       
1296       
1312       
1280       
1248       
1232       
1264       
1280       
1264       
1264       
1280       
1296       
1296       
1328       
1280       
1280       
1280       
1280       
1248       
1248       
1264       
1264       
1248       
1248       
1296       
1264       
1296       
1280       
1248       
1280       
1248       
1264       
1296       
1264       
1248       
1296       
1280       
1328       
1312       
1264       
1248       
1280       
1280       
1312       
1296       
1312       
1280       
1328       
1312       
1328       
1328       
1296       
1312       
1328       
1280       
1312       
1344       
1312       
1344       
1312       
1296       
1360       
1328       
1344       
1296       
1328       
1296       
1296       
1296       
1328       
1360       
1376       
1328       
1328       
1312       
1376       
1360       
1360       
1360       
1328       
1376       
1376       
1376       
1392       
1360       
1344       
1360       
1344       
1408       
1376       
1408       
1392       
1392       
1392       
1328       
1328       
1360       
1360       
1344       
1312       
1328       
1344       
1264       
1328       
1328       
1264       
1280       
1280       
1328       
1280       
1280       
1264       
1280       
1264       
1232       
1312       
1280       
1280       
1264       
1232       
1264       
1232       
1248       
1312       
1248       
1328       
1280       
1264       
1248       
1296       
1264       
1248       
1248       
1280       
1296       
1248       
1264       
1232       
1232       
1232       
1280       
1248       
1264       
1248       
1232       
1200       
1200       
1264       
1264       
1264       
1232       
1248       
1312       
1264       
1216       
1296       
1248       
1280       
1264       
1296       
1248       
1312       
1232       
1232       
1264       
1264       
1264       
1232       
1264       
1280       
1264       
1312       
1264       
1248       
1280       
1344       
1264       
1312       
1312       
1312       
1344       
1264       
1264       
1280       
1328       
1280       
1296       
1264       
1280       
1280       
1296       
1280       
1344       
1264       
1328       
1264       
1296       
1280       
1264       
1312       
1312       
1264       
1248       
1264       
1328       
1264       
1280       
1296       
1280       
1264       
1296       
1216       
1248       
1232       
1232       
1248       
1184       
1248       
1232       
1200       
1248       
1200       
1184       
1232       
1264       
1232       
1152       
1184       
1232       
1232       
1152       
1216       
1200       
1200       
1232       
1200       
1248       
1200       
1248       
1216       
1200       
1216       
1216       
1200       
1184       
1216       
1248       
1264       
1168       
1184       
1168       
1184       
1200       
1232       
1200       
1184       
1168       
1216       
1232       
1200       
1168       
1216       
1232       
1232       
1200       
1232       
1232       
1216       
1216       
1216       
1200       
1168       
1232       
1200       
1200       
1200       
1264       
1216       
1232       
1216       
1216       
1200       
1248       
1200       
1264       
1264       
1152       
1216       
1248       
1264       
1216       
1280       
1248       
1248       
1168       
1296       
1248       
1232       
1248       
1216       
1216       
1264       
1200       
1264       
1248       
1264       
1264       
1312       
1264       
1264       
1232       
1280       
1248       
1216       
1248       
1232       
1232       
1280       
1248       
1232       
1200       
1200       
1200       
1216       
1184       
1184       
1184       
1168       
1264       
1248       
1200       
1152       
1152       
1152       
1168       
1168       
1168       
1216       
1152       
1152       
1152       
1152       
1184       
1152       
1168       
1168       
1184       
1184       
1136       
1152       
1152       
1136       
1200       
1152       
1120       
1184       
1104       
1152       
1120       
1120       
1120       
1104       
1088       
1104       
1168       
1168       
1104       
1168       
1152       
1152       
1152       
1136       
1104       
1120       
1136       
1152       
1136       
1136       
1120       
1120       
1072       
1152       
1136       
1136       
1120       
1168       
1152       
1152       
1136       
1136       
1168       
1120       
1136       
1168       
1120       
1120       
1120       
1072       
1168       
1104       
1152       
1200       
1088       
1168       
1136       
1136       
1200       
1136       
1136       
1104       
1136       
1168       
1104       
1168       
1104       
1168       
1200       
1200       
1136       
1136       
1136       
1152       
1136       
1136       
1168       
1168       
1040       
1168       
1168       
1168       
1136       
1136       
1120       
1136       
1088       
1088       
1104       
1104       
1120       
1056       
1072       
1040       
1072       
1056       
1008       
1088       
1056       
1008       
1072       
1088       
1040       
1056       
1072       
1056       
1072       
1056       
1056       
1072       
1008       
1088       
1056       
1104       
1040       
1008       
1008       
1008       
1088       
1056       
1056       
1008       
1024       
1008       
1040       
1040       
1024       
992        
1040       
960        
992        
1072       
1008       
1008       
1008       
1024       
1008       
1040       
1072       
1008       
1024       
1040       
1024       
1072       
960        
1024       
976        
992        
1008       
992        
1024       
1008       
944        
1008       
992        
1008       
1072       
1008       
1024       
1056       
1040       
1008       
1040       
1072       
1072       
1056       
992        
1072       
1072       
1072       
1008       
1040       
1088       
1072       
1056       
1072       
1072       
1072       
1104       
1104       
1104       
1088       
1072       
1072       
1104       
1056       
1072       
1072       
1040       
1072       
1088