25791.2       
3541.86       
9730.02       
17789.9       
9818.38       
-2048.66      
711.77        
-2043.24      
-2320.25      
-937.646      
2958.52       
-1739.98      
503.865       
177.203       
-550.893      
-2694.27      
1247.43       
363.952       
1666.25       
-2646.17      
1627.43       
-900.529      
414.896       
12.1418       
-210.597      
290.846       
-294.097      
190.123       
-92.9139      
-15.782       
-358.451      
-1956.03      
71.9015       
90.2433       
345.391       
1787.17       
-1095.75      
-2255.55      
-625.755      
790.772       
-524.033      
185.678       
-118.362      
87.4866       
-30.4407      
34.1159       
-26.3053      
-26.2809      
-61.0121      
-41.3697      
117.367       
-47.7112      
9.02805       
2.103         
-61.2017      
13.7544       
-68.3013      
41.437        
-18.6203      
61.2081       
15.9999       
-68.1439      
-132.063      
-1321.13      
-469.683      
280.223       
-94.2234      
-32.3211      
61.9579       
377.077       
357.69        
-426.497      
-2716.66      
-4274.44      
601.251       
561.806       
147.508       
619.391       
-327.221      
71.0498       
37.1747       
5.32143       
38.946        
1.7506        
63.7167       
-47.1811      
58.2161       
-0.157211     
-22.8271      
6.7003        
34.6677       
-19.6344      
-20.5472      
2.13348       
-33.1594      
32.6651       
-8.18073      
-16.6138      
-20.3835      
-22.2637      
30.2052       
-18.3355      
12.8146       
-49.6407      
67.299        
17.0654       
-6.51378      
24.679        
-11.8187      
30.1274       
-43.4321      
30.4693       
30.298        
-32.8177      
-11.3325      
-10.5902      
72.56         
33.7173       
27.0148       
9.67151       
17.3235       
49.0374       
-47.5786      
34.4516       
-78.2448      
12.8632       
235.147       
-275.077      
-403.949      
268.873       
-133.954      
17.0189       
3.69822       
3.96998       
125.347       
57.5748       
-2.10877      
12.8882       
38.8142       
-31.5282      
2.00485       
167.265       
-68.3345      
631.365       
346.486       
-425.249      
436.359       
723.911       
3935.91       
-596.227      
1001.47       
-577.723      
-655.595      
-762.174      
618.733       
-351.023      
130.736       
-53.1256      
-22.9815      
-30.5136      
-2.39769      
56.5874       
14.2529       
41.4897       
-25.6026      
6.52538       
-11.1456      
-4.25085      
-13.35        
-59.4047      
9.87567       
-16.2982      
-32.5174      
-10.08        
-5.06761      
-20.45        
-12.8172      
-23.837       
-21.0332      
-42.3477      
14.2018       
-11.0266      
-38.9411      
4.98172       
21.5611       
6.53384       
-7.89571      
31.5641       
16.5375       
-48.3737      
48.7625       
-21.4487      
-37.2857      
8.76292       
17.5594       
-42.0841      
3.265         
25.3278       
38.2978       
-14.2296      
-13.1657      
-25.803       
-32.4888      
-49.9202      
-17.6938      
-45.5478      
-9.55382      
12.6837       
27.0101       
15.9669       
18.7968       
5.61395       
6.85378       
-3.06064      
31.9655       
-12.9159      
17.36         
-49.115       
-24.0433      
-0.260315     
11.0611       
3.85666       
-33.1334      
30.6321       
-2.90848      
32.4565       
-40.5621      
-16.3514      
64.8532       
55.721        
11.1676       
18.4696       
-23.3187      
-18.551       
45.4481       
13.3247       
13.5071       
30.2461       
-23.47        
32.4338       
2.73167       
-50.7443      
2.89377       
0.796188      
-12.9311      
-9.89963      
-4.84813      
16.478        
1.29987       
43.8377       
10.1294       
13.5127       
11.3982       
30.1652       
259.279       
718.415       
219.914       
-19.9611      
-5.14138      
22.9221       
15.8616       
-93.9317      
-10.3738      
25.3945       
-44.6557      
-62.7387      
-42.844       
-33.8069      
-30.3999      
-90.6648      
56.6025       
-112.024      
13.6527       
19.8711       
-4.23182      
10.6942       
81.8899       
93.8785       
-0.567678     
92.8809       
54.9556       
331.535       
-17.3312      
-77.2705      
-83.0021      
-77.7697      
-91.1774      
-105.552      
145.872       
-24.8652      
482.886       
799.03        
-634.523      
-70.0436      
-25.5625      
287.869       
1515.2        
-1164.24      
1410.79       
-756.49       
533.78        
-180.196      
-333.153      
-28.9639      
-163.017      
451.423       
874.553       
110.098       
-174.515      
32.0169       
21.7683       
-40.1488      
-13.6444      
-17.0556      
-56.477       
6.51608       
14.2683       
-38.31        
-28.9676      
16.9772       
-10.7975      
-30.4269      
7.46666       
-31.7071      
40.006        
-0.300308     
-19.2512      
-24.591       
-13.1064      
-12.916       
-25.6514      
-9.1418       
23.0532       
-64.9288      
-32.8573      
16.6991       
-22.726       
-16.1943      
-6.79583      
17.8908       
38.4337       
-23.3964      
9.01519       
-9.38479      
-43.7305      
-8.97891      
-23.4404      
-5.03961      
47.7404       
-15.4624      
-12.654       
40.0731       
-22.3471      
50.5676       
6.34272       
-18.4148      
10.1627       
-14.2546      
-3.06619      
12.1223       
29.7184       
10.8581       
-10.0414      
19.6842       
-26.5693      
19.6913       
-28.8595      
-5.17375      
21.3044       
-21.4489      
27.619        
-37.9163      
17.8783       
-38.0871      
21.9745       
16.1227       
-43.4606      
-18.3307      
23.5808       
23.4006       
12.261        
14.0098       
-7.13899      
7.82579       
32.7079       
-11.9741      
-27.5416      
33.247        
7.30698       
17.4903       
7.48685       
-20.3519      
3.6189        
-60.8244      
31.1674       
16.4208       
-25.5466      
26.032        
8.78769       
57.2317       
-1.1101       
11.4591       
25.1539       
9.28177       
1.64772       
16.1124       
-10.7404      
33.1149       
-7.9716       
-16.451       
19.9925       
-23.6069      
14.9487       
39.81         
14.1277       
9.00057       
44.0631       
-11.7813      
-43.827       
-24.9747      
-3.70044      
42.1435       
5.65683       
-5.69991      
8.50659       
-10.6665      
41.7635       
-1.91505      
3.25471       
-14.0398      
4.12862       
42.447        
74.7232       
3.33363       
-7.26517      
-6.12         
-23.8433      
-59.2708      
46.7466       
1.18237       
-36.3912      
-20.5645      
11.7525       
26.5451       
15.6639       
12.4791       
20.3085       
68.575        
-26.0929      
27.913        
14.5124       
-11.6713      
-23.9238      
3.2658        
10.8698       
-17.2955      
-9.60913      
63.6284       
23.7364       
-13.9793      
29.5872       
-30.9321      
-12.3183      
8.33586       
11.1683       
0.419205      
41.5395       
19.5481       
-20.8498      
-19.9724      
25.1294       
-27.5322      
2.38535       
3.17711       
-4.10265      
5.64081       
20.1437       
-56.6269      
-2.95251      
46.6343       
44.1747       
-0.779724     
73.4484       
13.7417       
20.0428       
-15.56        
8.71585       
29.4051       
11.0098       
0.785591      
34.5305       
2.6328        
-66.422       
56.298        
-32.9254      
-21.9867      
25.1358       
-27.8323      
-27.494       
8.31502       
-24.4506      
-9.96065      
-1.73568      
-6.47507      
58.1395       
38.7511       
-3.42061      
-15.9517      
37.5779       
149.971       
-59.841       
-308.017      
-80.3023      
17.763        
-15.7923      
-82.122       
49.1936       
-57.0125      
-85.7862      
40.6963       
-17.3136      
-48.5074      
-37.9223      
-17.139       
-40.3092      
41.1082       
-51.0358      
66.8291       
-36.4067      
31.0566       
57.0106       
-19.8129      
76.1521       
-37.2133      
26.2123       
4.03236       
27.2807       
63.6815       
-7.08133      
33.8038       
-39.3591      
-32.4633      
37.4111       
18.2992       
-93.4604      
33.9153       
-113.041      
11.4793       
35.7323       
25.5555       
50.3253       
-4.78537      
4.11331       
39.2489       
15.8026       
138.01        
-75.5873      
-59.703       
13.539        
-10.3396      
-11.6046      
1.55941       
-166.836      
48.994        
316.033       
-481.792      
169.463       
69.0884       
15.2838       
-68.1481      
-31.7627      
-87.7011      
79.3862       
-23.726       
-46.6447      
-390.193      
316.472       
-207.422      
-21.5967      
-135.835      
98.5627       
56.6753       
-425.17       
-259.49       
280.85        
-78.4173      
-206.897      
-557.073      
400.726       
-243.391      
323.993       
162.405       
-889.142      
-390.866      
111.059       
-1637.96      
726.877       
-342.047      
174.697       
-136.121      
-98.3839      
-83.941       
40.2351       
-93.6318      
-218.781      
-74.0127      
-138.974      
133.574       
7.54028       
-163.643      
344.407       
-45.5055      
-386.339      
-248.116      
458.542       
-225.988      
82.0657       
47.0937       
-28.7961      
-30.2903      
15.7433       
45.4602       
-4.66484      
23.7222       
-21.4921      
-25.6831      
-15.1493      
8.59403       
-12.507       
-9.36098      
22.5078       
-28.7298      
-21.8287      
-31.2325      
-7.23043      
-7.85002      
39.6113       
34.9793       
-50.5681      
-15.7187      
38.8022       
-20.255       
-34.6129      
-10.0783      
-7.90951      
-38.5939      
-27.8365      
-27.6159      
3.9938        
8.89841       
2.25863       
9.17065       
0.598705      
42.5595       
-0.0914001    
-30.334       
45.8001       
0.422913      
-34.342       
24.2817       
-33.0515      
16.0656       
16.9025       
-45.6922      
-4.64712      
45.4622       
-30.3897      
-21.0025      
29.3523       
0.573242      
-1.04919      
-42.4846      
-24.2884      
20.3767       
-19.2254      
34.1869       
16.1455       
-35.8269      
19.853        
-11.6197      
-37.2056      
21.2893       
-12.2215      
8.21128       
1.34371       
-10.6567      
3.96248       
42.1819       
34.9795       
-16.3928      
-2.36758      
-35.4362      
31.0366       
13.06         
24.2219       
-9.37625      
-20.0713      
-15.9047      
44.0364       
-34.8398      
-9.77402      
4.21689       
-6.06683      
-3.41644      
-23.4584      
50.2658       
-12.4289      
-8.10523      
-6.07968      
-8.34803      
-8.89746      
29.9033       
8.36889       
-45.7367      
5.16602       
-6.57919      
1.40224       
12.5428       
32.23         
-22.0603      
7.31783       
-5.98127      
4.0173        
-7.53643      
0.16713       
-50.2973      
-6.9646       
54.6928       
19.3439       
-18.924       
-1.68088      
-3.077        
13.4989       
-1.22812      
-2.51067      
-21.7756      
47.2714       
27.651        
-52.9289      
0.637276      
-54.0848      
17.3092       
1.7378        
-22.122       
-37.8829      
20.0178       
1.95459       
18.8016       
48.2757       
-8.22606      
-50.2792      
12.4253       
10.6219       
6.38147       
1.35474       
-1.17063      
-0.576027     
-5.2437       
-23.7923      
-3.72936      
-5.82915      
-1.4116       
1.31532       
9.1683        
32.532        
-8.95345      
-29.5538      
8.24178       
13.5362       
-39.5713      
-9.28266      
15.1331       
-27.8464      
-4.87897      
-20.7402      
-26.942       
3.406         
15.7581       
-24.0365      
-6.61429      
36.7095       
-1.38253      
-42.4077      
-10.311       
-31.5606      
4.22047       
-7.39396      
-7.35075      
-19.4313      
-27.848       
11.4306       
20.1194       
3.98243       
-16.4573      
9.26172       
26.7636       
29.9285       
0.883461      
-18.0306      
-1.24438      
8.86148       
9.00589       
-31.6231      
-32.2803      
47.8024       
-1.52279      
36.2866       
-4.89332      
0.812347      
-52.2064      
11.9          
14.4026       
17.9081       
-52.1625      
-42.676       
6.02776       
-34.9316      
12.9161       
-13.1         
37.7764       
1.0275        
13.7536       
27.4935       
-4.5788       
7.50253       
-30.3443      
4.91013       
-0.679176     
23.5407       
-74.1869      
-0.392952     
-32.8004      
-48.601       
8.28963       
8.60181       
17.8047       
-13.7377      
-30.9053      
11.4854       
-46.822       
-22.8405      
22.629        
34.1928       
-8.47619      
45.6581       
1.33491       
8.00077       
29.9432       
59.0631       
27.8894       
-3.81543      
-21.4108      
25.894        
-3.61634      
52.3069       
-30.2149      
27.5362       
42.3848       
-4.26424      
-24.9361      
-37.7197      
42.4121       
9.56171       
-20.9533      
10.8982       
-30.3943      
4.46486       
-56.5371      
30.1099       
26.6217       
35.2941       
6.41969       
-14.3432      
8.07323       
-14.6234      
-16.9756      
-32.6253      
6.50711       
-17.412       
-2.938        
-18.4372      
17.5835       
-35.2629      
10.9144       
-27.2023      
18.7378       
-9.9316       
31.9285       
18.8332       
9.83888       
39.3179       
-5.90286      
23.8919       
41.6717       
-34.0395      
-38.9523      
5.67576       
-52.397       
-14.6589      
-82.5332      
37.6445       
-0.454567     
-41.4105      
-32.0874      
0.404785      
-33.6384      
-9.98486      
-31.7593      
29.8662       
0.371712      
-28.8812      
2.34601       
-10.9527      
-8.82816      
-3.84533      
34.272        
9.98684       
0.738945      
3.83134       
3.13899       
-40.6045      
-0.649788     
11.5173       
23.1834       
-2.94547      
-7.77302      
-16.4804      
34.3294       
13.0793       
-68.3887      
-20.8799      
3.07497       
0.999557      
4.70774       
-3.415        
-50.6697      
19.0505       
-9.16592      
-9.59815      
-0.899036     
-8.6405       
-18.1309      
-43.779       
9.3397        
-34.578       
6.77891       
3.66138       
31.2295       
-36.1153      
4.63344       
48.2669       
44.4003       
-62.3689      
-49.2729      
34.8877       
33.8497       
3.49586       
-26.184       
-54.2752      
-14.2425      
0.660442      
-20.8137      
-1.18361      
6.23335       
-34.8579      
-77.5789      
28.7135       
-26.7398      
-13.0569      
-1.39177      
13.0497       
33.1481       
12.0176       
-5.1          
-52.5731      
51.6602       
-24.6201      
-5.6545       
19.2625       
2.58513       
-29.9054      
-50.6792      
-21.2753      
5.63699       
20.5472       
32.2216       
9.14911       
14.9553       
1.84703       
24.1862       
41.8971       
-61.1625      
7.66655       
-16.3811      
1.31531       
39.9542       
-28.2988      
-45.2703      
-52.7258      
9.4203        
18.5159       
-13.2423      
-46.2339      
30.6127       
35.6089       
-30.3914      
29.8662       
-17.0868      
-6.70979      
-51.3576      
6.45617       
-21.9769      
25.8405       
-22.9086      
17.1828       
3.38404       
0.0538521     
6.03501       
32.8032       
-20.6522      
50.6766       
478.455       
-140.881      
110.63        
                                                                         
